1	110	
4	23	
9	12	
14	11	
19	36	
24	40	
29	51	
34	61	
39	77	
44	99	
49	134	
54	199	
59	329	
64	536	
69	762	
74	997	
79	1258	
84	1424	
85	2734	
1	147	
4	31	
9	20	
14	22	
19	89	
24	129	
29	145	
34	163	
39	175	
44	192	
49	233	
54	341	
59	560	
64	865	
69	1143	
74	1351	
79	1399	
84	1191	
85	1333	
1       5070	
4       786	
9       367	
14      290	
19      678	
24      1231	
29      1743	
34      2539	
39      2869	
44      3020	
49      3744	
54      5143	
59      6870	
64      9950	
69      11793	
74      13244	
79      14077	
84      13087	
85      18716	
1       6391	
4       999	
9       541	
14      606	
19      2028	
24      3560	
29      4367	
34      5569	
39      6088	
44      5578	
49      6189	
54      7925	
59      10096	
64      13590	
69      15475	
74      15177	
79      14165	
84      10600	
85      10506	
