5.75177 4.55292 1.526 .15619 23.5116 -5.53002 -.14847
.90256 .2866 12.0875 .27465 13.5827 -.35502 -.38819
1.36791 .69369 14.2997 .62164 13.7838 -.63018 -.63439
2.75917 1.58287 2.26792 .39233 22.8913 -2.32676 -.16555
9.15666 .71246 17.297 7.50386 2.66822 -1.11783 -8.64909
8.38115 5.30639 5.76949 1.68885 1.37867 -.1368 -1.70013
8.20539 1.96574 1.43639 .99434 19.1683 -7.04295 -0.06788
10.1547 4.76351 10.2475 5.31664 8.55314 -5.811 -6.34769
14.6918 7.29709 6.3965 2.58492 1.75258 -.16073 -6.39232
8.1682 2.11868 1.41957 5.54403 2.30479 -.67965 -0.05315
9.79713 .21552 19.6826 1.79489 1.53864 -.22204 -9.90337
13.0426 10.0028 1.44613 .75496 15.53 -12.6556 -1.02222
15.9587 .271 12.7062 13.0069 1.51648 -.98405 -16.4979
1.08661 .59664 8.99364 .3078 20.1697 -.85549 -.25643
2.25764 .90511 9.61399 1.12445 6.42603 -.6463 -1.04261
2.96827 .48212 11.6637 1.93996 9.31042 -1.04914 -.78195
1.20311 .2454 4.24151 .70596 6.04929 -.36144 -.17403
.65537 .41438 5.24235 .13371 7.71644 -.14655 -.17956
16.7643 .31087 11.2253 9.03393 2.24081 -.86751 -17.8097
7.66932 1.11272 18.0667 1.50367 1.32273 -.31597 -6.23831
3.05643 .99552 13.9678 .94158 6.18147 -.47108 -2.11039
15.0521 1.61224 3.43322 .23002 12.3298 -16.4914 -.1999
1.15052 .327 14.5939 .4537 14.3918 -.41316 -.78696
12.5249 2.40967 1.66844 1.96837 14.7329 -10.412 -.38808
8.4566 1.33847 1.28824 .49512 20.2611 -8.22123 -.50014
2.60125 .1749 18.7145 1.9952 4.06795 -.32759 -2.23858
3.5514 0.08319 25.0902 1.52003 1.97991 -0.06515 -3.4582
6.9132 4.3569 2.66597 2.16072 2.88915 -.203 -.84538
7.01671 1.82086 1.36104 1.62778 15.3145 -5.06203 -0.07583
1.02519 .52707 3.49926 .47244 2.70278 -.10516 -.15583
8.42485 .66254 5.52704 .60536 16.7355 -8.09067 -.43885
11.47 1.71844 14.4702 9.25187 2.54125 -2.8354 -10.8515
10.1364 1.21435 17.3506 .54108 1.58146 -0.03126 -9.11493
1.61996 .75947 4.65506 .24038 16.6023 -.66951 -.42462
7.61362 3.66021 11.9392 .38706 2.64077 -0.03863 -4.13157
8.50672 1.94487 1.42041 .63809 19.2591 -7.97022 -0.07892
1.56497 .23862 16.5523 .71793 4.65406 -.42707 -.64896
9.60714 3.21326 1.3145 5.13089 5.49753 -2.07437 -0.06633
9.10441 .31187 20.0234 8.19049 1.5302 -.58033 -8.83169
7.80005 5.67568 5.58269 .96631 1.9611 -0.04014 -1.59876
1.56769 .68686 11.8312 .24788 3.82019 -.46159 -.50629
6.86276 2.64787 7.62657 3.08034 2.68419 -.2488 -2.29456
2.44594 .47761 6.00861 .6196 17.6063 -1.65764 -2.25285
14.4805 5.47416 1.62242 0.09102 14.7423 -14.9486 -.274
11.2739 .83584 1.5855 .61312 17.7143 -10.8432 -.10222
1.51375 .53783 18.7978 .36748 4.25305 -0.06329 -1.00528
5.59399 .83972 19.8249 .43741 1.76115 -.11999 -4.48421
4.07508 .32113 22.336 3.48073 2.56083 -.25897 -3.43245
4.1321 1.65605 13.9569 1.00123 1.82248 -0.0662 -2.00331
1.6433 .38932 1.83898 .70855 11.6173 -.50594 -.85516
9.74324 2.87145 14.1533 .96263 1.40683 -.50816 -6.60134
15.2939 11.1874 1.88803 .36939 13.0858 -15.5639 -1.1703
1.88346 .65787 17.2097 .41114 7.05997 -.18067 -1.38411
1.47436 .57614 7.66923 .531 16.0563 -.84259 -.18646
1.59039 .54832 10.3251 .96404 6.92845 -.72122 -1.00803
9.92242 .34327 19.0076 3.86709 1.58474 -.17712 -9.79806
4.1752 .51576 9.61828 2.64108 5.1759 -.527 -1.89124
3.80089 1.53493 7.06539 .54869 17.8291 -2.01869 -1.25342
4.19751 1.81841 5.25819 2.08701 1.63372 -.14607 -.5107
7.06229 1.22195 18.9217 .62373 1.47062 -0.03373 -5.78036
8.82692 1.17941 18.5433 .35962 1.42904 -0.01674 -7.73999
7.88099 .51408 15.6828 2.00268 6.72072 -1.18102 -6.84848
1.32372 .64026 3.98682 .30048 19.6802 -.81771 -0.08903
16.8874 4.87609 2.14492 .87574 11.2232 -17.1238 -.55904
1.88797 1.05765 12.023 .55941 15.5334 -.80042 -.84848
2.49585 1.69066 5.09371 .5213 21.7111 -1.79765 -.40308
9.45944 7.93273 2.28164 1.14855 1.78748 -.13219 -.73997
7.46821 1.53717 1.25986 4.87703 4.79356 -1.19825 -.26149
1.65659 .84446 11.6621 .26144 8.79267 -.20625 -.81056
3.39546 1.82286 5.85766 .64569 5.66227 -.84109 -.48676
14.5855 .36055 14.4573 13.1429 1.38419 -.83777 -14.7233
.91908 .57795 8.44359 .18067 19.8156 -.70932 -.20261
2.50721 1.39481 7.86333 .48073 2.4999 -.13981 -.66191
2.80523 .24549 21.8911 1.2128 5.05791 -.53719 -2.06842
1.22975 .10095 24.2535 .80848 3.41862 -0.09294 -1.09396
3.0942 .93581 2.57153 1.75142 7.68063 -.72472 -.20186
2.14948 .86323 6.25873 .69822 18.6462 -1.40296 -.22989
.81834 .10142 20.9219 .38369 7.26718 -.16481 -.58938
2.95352 .93558 6.61062 .43477 20.8869 -2.14432 -.70078
6.41342 1.49534 1.5988 3.54963 7.49191 -2.29699 -.13857
13.521 .49501 13.8123 5.5836 2.11978 -.74324 -13.4462
10.2114 .64713 1.41731 6.21212 7.36833 -3.70548 -0.06048
11.7097 8.11165 1.47017 .1851 17.0321 -12.1409 -.55206
6.02699 .53683 1.94397 4.50688 5.87819 -1.24287 -0.08811
1.31852 .44828 9.11237 .68404 8.2166 -.83154 -.45465
1.65654 .59396 18.4651 .72618 9.17277 -.39921 -1.06982
14.5802 1.09599 4.01913 11.2137 4.05499 -4.16472 -.15735
1.59349 .15001 5.80395 .38395 17.8842 -1.12856 -.10813
8.85767 .61022 1.54815 1.82569 16.849 -7.06126 -0.01919
1.55352 .43742 2.19595 .43524 20.0384 -1.0358 -0.02821
.92774 .32338 18.5411 .50951 10.1151 -.31793 -.5193
1.08366 .59479 2.71272 .16484 19.3358 -.89268 -0.08382
2.47103 1.46347 6.23443 .65262 7.01438 -.33629 -.43055
1.45453 .5914 16.6979 0.08901 2.66225 -0.09877 -.81129
1.01325 .33745 11.9621 .60407 9.60977 -.42079 -.39672
16.0368 .21156 12.6327 11.2055 1.59525 -1.04361 -16.4384
2.95551 1.3181 2.22769 1.37342 4.49624 -.46099 -.22565
12.7875 3.93002 11.8389 .41986 1.65217 -0.02363 -9.09447
1.72474 1.09835 1.88935 .54589 5.08709 -.32639 -.36689
1.44566 .53498 16.8203 .10299 4.13434 -.28644 -.86219
3.45456 .58939 1.27047 .22391 25.0264 -3.2666 -0.07928
.98984 .58481 4.50918 .24926 20.7757 -.7297 -.21206
10.0563 3.56863 2.31993 .30504 18.6198 -10.2178 -.24352
1.32025 .5433 3.87205 .58782 3.42328 -0.0929 -.17423
1.08175 .50848 3.91515 .19983 19.7918 -.86534 -0.08828
.93265 .33392 18.4224 .45518 9.17969 -.28021 -.66578
3.36888 1.05005 8.92356 .94279 17.9394 -1.81647 -2.27434
20.0105 14.7555 1.57662 .93494 7.13043 -21.443 -2.70447
2.11829 .86712 16.5715 .29874 3.55001 -.79413 -1.18407
1.31748 .19309 22.1912 .23636 2.86365 -0.03553 -1.02509
14.4494 .60319 14.4398 4.62366 2.01477 -.34881 -14.2675
8.05005 5.21406 2.03218 2.46607 1.45769 -0.0756 -.49241
1.96813 .46913 8.12226 .36457 12.9795 -.89817 -.63036
1.97386 .36397 12.8631 .48706 8.08071 -.63054 -.89322
5.24845 1.30183 18.2344 1.53111 5.9027 -1.03864 -3.85585
2.00086 1.49543 5.04004 .34154 22.5915 -1.75846 -.53202
4.79767 .72454 1.92833 .44944 23.0023 -4.40829 -0.07167
6.94609 .57629 20.2411 .61198 2.499 -0.04854 -6.56489
3.99438 .93436 3.74141 1.67251 14.8965 -11.4012 -24.2446
2.32094 .77109 3.39651 .15236 21.2158 -1.88745 -.14869
2.32531 1.69361 5.40088 .42875 21.9579 -1.78794 -.33809
6.22661 2.93045 1.6765 .48139 21.171 -6.07469 -.59557
11.1423 6.76647 2.43091 .22215 16.2744 -12.3085 -.99686
2.03638 .7726 1.4341 .22309 24.6721 -1.77892 -0.05145
2.12934 .68472 3.60325 1.26716 2.57342 -0.09212 -.34369
.71671 .28506 16.4874 .39705 10.977 -.21926 -.36072
.9724 .6438 5.3683 .11736 19.0018 -.80354 -.13652
5.50706 3.24289 3.62178 1.24982 4.07551 -.31103 -.94634
2.38213 .27461 4.75179 1.61479 6.56506 -.56793 -.27875
.89163 .27203 3.17632 .56417 5.58166 -.14334 -0.0959
4.81546 .6391 1.5971 1.49966 17.6451 -3.41439 -.51386
6.88847 2.19737 15.5548 .45771 1.55757 -.26726 -4.95986
1.8691 .75036 17.2939 .17558 2.159 -.24145 -1.09812
11.4421 9.75063 1.29475 .18707 18.0633 -11.5943 -.48765
11.3272 2.8524 1.3833 .83346 17.0211 -10.7206 -.19036
6.21121 .17942 22.2014 3.1549 1.92823 -.33085 -6.08066
6.86168 .22216 22.552 5.44251 1.73735 -.42933 -6.59151
5.66245 .41589 3.42406 1.58379 14.5536 -4.82508 -.15844
.86666 .27845 15.7625 .47051 12.3778 -.34671 -.56726
1.52882 .61762 15.2958 .85112 9.24141 -.66067 -.94095
1.36717 .67729 9.58347 .51633 3.69667 -.18265 -.34589
3.18705 2.20702 3.58284 .93607 5.25847 -1.37133 -.90174
2.93765 .48667 12.7717 1.67776 10.5779 -1.02866 -1.45956
8.19653 .20468 21.2102 4.50344 1.6103 -.35912 -7.95223
1.64779 .66548 11.3093 .73219 15.6713 -.88299 -1.08525
10.4163 3.85496 1.44531 .62814 17.9703 -9.79689 -.14967
2.79028 .97177 15.5878 .50207 9.4995 -.57696 -1.72065
9.51431 .69003 1.47249 3.38307 12.6778 -6.11677 -0.02588
4.29153 .13439 25.5254 2.91183 1.53646 -.14256 -4.15062
2.32447 .59389 10.0559 .59108 7.03788 -.29757 -1.03167
5.09468 1.8157 1.47739 0.08858 24.2083 -4.96095 -0.06453
1.5913 .53741 18.334 .98521 9.25555 -.74343 -1.09663
3.13624 .90721 14.7898 .90209 1.55503 -0.07522 -2.12979
5.95803 1.75392 2.54814 .41769 20.2977 -5.62931 -.20072
4.86316 .13952 23.5521 1.44111 2.35748 -.14969 -4.60861
11.9099 .2314 17.3074 9.77441 1.35729 -.5981 -11.3984
1.88323 1.11901 10.7523 0.08224 4.02651 -0.09476 -.70111
1.46523 .5814 17.4094 .77225 10.2121 -.36938 -.85238
1.07501 .45102 6.69737 .40072 7.39379 -.31292 -.1247
3.17726 1.50278 1.5577 .21625 25.2848 -2.90442 -0.04482
3.12454 2.3044 3.33609 .29321 23.1456 -2.2926 -.7838
14.5358 .43916 14.5601 13.2283 1.33671 -1.1345 -14.6316
6.0356 4.95112 3.96694 .43255 1.3765 -0.03011 -.80346
1.7272 .43766 11.123 .58016 8.5955 -.53331 -1.19022
17.5207 .4167 10.6692 14.5003 1.30094 -1.66167 -18.5088
1.28689 .61327 2.78521 .60576 5.48139 -.11645 -0.07216
7.47044 1.75069 1.3378 .16722 21.9597 -7.37779 -0.05716
13.4803 9.04659 1.41052 .30301 14.9559 -13.9254 -1.05066
2.84666 1.74437 1.88982 .55973 10.5876 -1.0733 -0.09896
15.4907 7.35034 5.41759 3.0553 9.15073 -13.7145 -2.89163
7.46645 1.72892 1.55685 5.39268 3.02022 -.61811 -.19512
1.43156 .56715 4.49804 .74865 2.06791 -.34748 -.12023
10.3483 1.6002 2.0513 1.5968 15.2952 -8.75278 -.27046
13.5339 7.42053 1.42048 .42385 15.0353 -12.9657 -.63333
3.12742 .43823 20.7786 .66145 2.09238 -0.04707 -2.50662
1.5755 .61548 6.56184 .65839 5.0678 -.28221 -.25814
.63324 .21436 18.8424 .38448 9.09377 -.16558 -.36317
1.03092 .28185 13.0823 .48165 2.96223 -.17267 -.84787
11.3395 9.38679 1.5895 .56565 17.7179 -11.112 -1.03653
4.03446 1.15033 17.2998 .27281 1.92679 -0.01715 -2.98527
9.94868 6.42777 1.92482 .63188 18.7687 -9.22739 -.52149
6.63515 3.85677 3.31047 2.17895 1.38442 -.26245 -1.2232
1.83891 .37572 13.3664 .52674 5.52601 -8.68842 -2.50092
10.127 2.55984 1.4535 .12802 19.5412 -10.1076 -.12249
.71538 .38202 5.78741 .1862 15.1557 -.44835 -.14432
5.29652 .37052 22.6436 .78255 2.0056 -0.09686 -5.02438
4.9412 .3599 1.44126 .78086 21.065 -3.85269 -.31202
18.0823 4.02185 8.17054 13.5011 3.14175 -5.5639 -15.5215
9.94457 1.48923 1.43499 7.22412 3.44643 -1.44664 -0.05323
8.6787 1.59435 2.77614 1.50572 15.9339 -7.33677 -.2899
3.82477 .55715 22.0838 .52216 1.69012 -0.01949 -3.2768
10.5654 .62733 3.94503 3.14435 11.1306 -9.26807 -.36332
13.047 1.64745 14.4928 2.04349 2.27034 -.54334 -11.7077
1.51819 .23738 22.6502 .59903 4.24517 -.12121 -1.1599
1.66226 .37794 19.0494 .54064 3.10908 -.26477 -.85607
3.51046 .70501 1.53704 .8147 18.2106 -2.61567 -0.05967
6.40553 .57377 5.33858 3.22875 10.2586 -4.09757 -.18791
15.0128 5.22671 2.71723 9.56766 1.48873 -.53774 -1.37158
12.5149 .65207 16.1991 4.00567 1.66958 -.50039 -12.4291
3.15175 1.11149 16.9846 .52846 2.11907 -0.02505 -1.94241
6.71937 .74372 18.6695 5.42743 1.99808 -.51238 -5.64489
10.0871 .17862 19.5948 1.9795 1.38942 -0.04351 -10.0281
1.89171 .79242 9.09774 .94382 13.2566 -.85844 -.72461
1.08642 .50678 9.38431 .47444 12.008 -.5097 -.41342
5.09103 .17692 23.7786 .69848 1.60701 -0.05369 -4.84515
5.36234 .86598 1.84114 .61922 20.1567 -4.9005 -0.04994
9.96581 2.14042 15.6577 .64835 1.41122 -0.02543 -7.86232
10.207 2.19487 15.5702 .65559 1.42503 -0.02712 -8.05674
1.64969 .77001 6.37493 .83203 3.5108 -.11347 -.28414
3.37661 .3901 8.03634 .76324 13.5177 -1.74687 -.75537
1.12878 .15995 3.81301 .5588 12.0229 -.45292 -0.04701
2.27729 1.06074 4.3887 .94782 2.0743 -0.06224 -.33239
5.01603 .18119 23.902 .70708 1.86155 -0.02643 -4.91538
8.71134 1.28855 1.51647 5.21589 6.45364 -2.61611 -0.07671
11.4799 9.11783 1.73793 1.85227 1.55766 -0.09302 -1.0301
5.90494 .25401 21.1376 3.09198 1.63241 -.29605 -5.94761
4.89552 .72784 5.41007 3.67442 2.98535 -.72857 -.23831
1.16777 .42435 16.4351 .64317 12.4908 -.4706 -.61791
1.99132 .60923 1.59215 .23677 23.9627 -1.64633 -0.01662
1.49669 .29068 3.20387 .17025 22.8816 -.94086 -.33775
5.91322 2.83474 2.4666 .28105 22.6092 -5.31759 -1.13591
5.14137 3.28881 5.8795 .45953 16.3632 -3.6204 -.89108
1.20305 .6404 10.0104 .42499 4.29571 -.30738 -.36357
12.9053 1.0472 1.65005 .90938 15.5296 -12.5159 -.44281
6.91323 .30418 21.9599 1.70603 1.50807 -0.0648 -6.53053
2.01818 .79791 6.45084 .70682 3.94961 -.20088 -.40585
7.16498 .53023 4.9678 5.47888 3.40731 -1.17031 -1.14972
2.63368 1.31207 1.56098 1.25978 2.30092 -.10388 -.17548
1.26413 .36201 7.72228 .81998 6.95339 -.62197 -.24693
13.0098 .20498 15.1105 1.79816 3.06162 -.40756 -13.8095
9.52347 .2598 20.0336 3.55606 1.56455 -.42861 -9.22271
8.3537 .94077 19.3824 1.69424 1.51946 -.14283 -7.34194
3.10674 1.68923 1.73864 .83952 15.4103 -2.38722 -.52154
2.11743 .88563 4.94855 0.08338 21.6329 -1.96922 -.15838
5.44431 .91462 20.8477 .53579 1.6573 -0.03404 -4.53407
1.46188 .82918 3.53354 .27124 12.9826 -.39221 -.21927
11.9492 7.67248 1.606 .59346 16.896 -11.5383 -.73725
1.0486 .44889 14.7729 .56915 12.8323 -.43978 -.45109
8.07831 .14334 18.8251 3.59086 2.39623 -.29447 -7.54255
1.63574 .65084 17.3289 .67179 8.17039 -.77797 -.98613
8.09483 1.87953 1.34841 5.8749 2.39 -.53938 -0.06324
2.03071 .1673 26.1237 .84001 1.92061 -0.09403 -1.79041
6.7268 .50737 21.512 2.77375 1.57581 -.14205 -6.12865
1.82452 .81729 12.218 .92569 13.9281 -.81641 -.58514
1.72501 .56258 19.1114 .96655 6.89016 -.33526 -1.10769
1.28687 .58375 13.0551 0.08939 5.9132 -.50603 -.62124
10.9864 .80785 3.36584 1.15864 15.4376 -10.6947 -0.0785
2.91227 .42682 6.751 1.82959 3.8518 -.95029 -.27536
2.34031 .28153 22.2497 .95022 3.70026 -.13791 -1.89869
11.1293 1.30527 15.6379 .65798 2.60473 -.15168 -9.9795
11.1925 1.30058 15.7782 .66177 2.58669 -.14749 -10.0482
2.06431 .56183 20.4824 .75145 4.20385 -.14205 -1.40223
1.02881 .37737 14.3806 .45657 11.0815 -1.29609 -.82484
8.57984 .58597 1.65532 2.25039 15.5059 -6.20128 -0.06006
8.40739 .45155 20.1145 6.68601 1.51909 -.57885 -8.06258
9.70078 .68384 1.9563 1.39289 17.3979 -8.64778 -.10631
3.85067 .66123 3.33222 3.03658 1.77748 -.39319 -0.07964
9.12581 .81619 2.15643 1.4118 16.518 -7.82017 -0.08035
3.92943 1.53281 11.5756 1.11374 1.5365 -.15249 -1.39854
2.90531 2.24143 2.04005 .59241 1.41038 -0.01363 -.10707
7.64374 3.10005 1.55448 .55043 20.9848 -7.04652 -0.09991
20.6044 1.01844 6.5245 16.7439 1.7037 -3.35492 -21.599
1.54171 .69279 5.07733 .48152 5.33604 -.38528 -.16847
1.44973 .57551 12.5286 .23488 6.98523 -.32712 -.60041
1.19446 .59837 6.72471 .49297 15.383 -.50946 -.14907
1.61938 0.08539 17.1487 .83678 6.42637 -.2291 -1.30619
3.39951 1.89627 1.91357 .56679 18.8366 -2.40663 -.10903
13.611 2.68775 12.3874 .86583 1.92554 -0.04004 -11.2348
1.77707 .60331 13.7042 .43359 2.79257 -.24788 -.69259
2.50875 .35577 22.5024 .48273 4.73755 -1.51278 -1.52513
16.0653 4.34496 2.1093 .66628 12.9202 -16.0503 -.47807
4.5282 .15266 24.9719 1.00299 1.45706 -.84855 -4.1255
1.73492 .90512 4.99818 .78344 3.18145 -.12125 -.19365
3.76663 .87283 20.0187 2.66564 7.37973 -.9896 -2.83628
4.32475 2.28084 1.47163 1.93846 1.88374 -0.09201 -.23062
11.3511 2.13689 1.5035 8.69651 2.31321 -.86978 -0.06972
1.32031 .68136 6.30711 .14856 19.9874 -.89217 -.19989
1.79173 .36228 18.1863 .65585 9.46635 -.71828 -.90516
11.845 .24929 16.9571 6.38484 2.11899 -.65978 -11.776
1.80722 .4745 11.8205 .58223 3.97545 -0.09826 -.99338
1.08865 .49912 2.38347 .1149 22.8973 -1.05478 -.15255
1.86695 .58836 6.77111 .21216 14.2008 -1.54916 -.16683
3.40478 1.72432 11.0632 .59782 1.696 -0.09003 -1.58545
2.19783 .56878 16.4453 .36899 10.2247 -1.21457 -1.00762
15.0869 12.7547 1.30928 .48324 13.8682 -15.2094 -1.03198
1.47678 .60245 14.989 .61877 13.9017 -.84417 -.67033
9.88622 .4273 1.47474 .8153 18.4705 -9.21989 -0.02534
10.3983 .53255 1.54186 5.70472 8.47892 -4.86494 -0.07857
7.49299 .21547 22.1871 4.04794 1.50662 -.19791 -7.30363
9.53825 1.73732 1.51844 1.65019 16.9795 -7.87678 -.12365
3.99721 .52568 20.1261 2.83481 1.8044 -1.09742 -3.76985
2.34113 .40445 16.3063 1.81176 4.71194 -.32474 -1.43166
10.3193 6.8832 6.0458 2.41951 14.474 -7.88133 -2.84802
1.5283 .69732 3.53584 .23643 24.6483 -1.29769 -0.09127
16.4065 2.52941 9.06469 .6046 4.00382 -.1016 -15.7615
.77107 .51742 8.12431 .1582 15.5028 -.42621 -.18597
2.68967 .62323 19.5554 .73863 4.84122 -.16979 -2.28621
3.97682 .52356 1.74457 1.26316 17.9506 -2.6653 -0.08831
4.29261 .48815 5.80405 .61822 19.8877 -3.82367 -.2745
2.97265 2.16668 7.60641 .40929 8.86853 -.66094 -.73771
8.23283 .26471 21.2104 6.02087 1.38887 -.45183 -8.08707
8.39564 2.50198 1.67912 5.4936 1.77104 -.52273 -.14536
6.14816 4.62291 1.40638 1.3748 1.5989 -0.08324 -.45828
9.63897 3.67063 2.86199 .36647 17.3528 -10.913 -.95599
1.19699 .34682 20.5042 .56632 4.83203 -.13326 -.79866
19.3498 .45268 3.67361 3.68868 7.08283 -17.6182 -0.05667
6.20347 1.48403 1.37895 .31652 22.8924 -5.89625 -0.03063
6.06499 2.73946 1.61129 .65991 21.4451 -5.37186 -.19462
7.50907 .66171 2.3084 1.79962 17.2826 -5.87537 -0.03551
1.36057 .58154 8.02607 .67201 4.15125 -.25226 -.21841
4.97408 2.31624 8.82235 .58543 16.3821 -3.29865 -1.50623
4.75622 2.10608 11.6844 .75577 1.54062 -.21604 -1.93686
9.90606 .56089 1.408 7.69896 4.25979 -1.93166 -0.02193
2.75087 1.12035 5.39985 .63422 8.5474 -.44822 -.73869
2.54403 .25179 3.83199 1.44868 8.69836 -.97622 -0.09084
4.49392 2.0894 12.4246 .2037 2.87504 -0.09501 -2.27139
2.22447 .73382 4.63938 .70696 16.8277 -1.50056 -.29398
13.9198 1.08665 3.6049 9.75833 5.14428 -4.5918 -.35565
15.1191 2.69231 1.81674 .68823 13.6621 -14.6475 -.1649
16.8109 .31747 12.2249 10.2392 1.51766 -1.07102 -17.0675
2.54479 1.67663 4.41429 .71193 1.62073 -.13203 -.40038
16.3256 1.79957 11.568 9.79632 2.10275 -2.25424 -15.1047
.64681 .24879 9.49724 .3555 10.3642 -.26421 -.20096
7.5525 .59683 1.44262 1.66699 17.0801 -5.82026 -0.03701
7.14927 1.72479 6.06174 1.38346 15.6523 -3.60292 -3.54496
10.4804 .37243 18.4059 5.75148 1.49092 -.8632 -10.646
10.5793 0.0835 18.4672 4.33459 1.78888 -.32587 -11.077
8.96594 2.76919 1.33632 .27271 19.9834 -8.92088 -.13448
13.6769 1.17784 14.2066 6.6257 1.48026 -1.139 -13.0739
4.95103 3.74911 4.14833 .5593 1.34093 -.2088 -.68216
1.65761 1.01858 8.98944 .22305 12.9876 -.17366 -1.03331
.81304 .45514 9.53756 .13123 3.34863 -0.05911 -.2382
2.39299 .91276 1.41845 .13738 26.4169 -2.19688 -0.03902
2.43725 .9627 6.62692 .61892 6.13653 -.28152 -.67503
1.50714 1.13576 5.43865 .20764 19.8373 -.83157 -.37962
5.81363 4.40335 3.47137 .46756 3.69707 -.29974 -.8538
7.73478 3.02917 1.44386 1.04428 18.7898 -6.63159 -.20918
10.8027 4.00378 12.3954 .45098 1.53257 -0.02376 -6.87323
10.8025 3.97125 12.4705 .54393 1.52718 -0.02537 -6.87027
6.24629 .63676 4.02602 4.82346 2.83362 -1.23631 -.10172
.98258 .35055 10.8427 .31446 16.8499 -.76299 -.62415
2.14947 .96232 1.90704 .19303 22.0072 -1.79985 -0.04928
1.22402 .52536 8.17896 .58496 8.67562 -.68989 -.6877
12.3272 .52933 16.3272 9.6809 1.29261 -.81669 -12.1331
6.49614 3.09177 10.9973 .57885 1.64242 -.15742 -3.38135
1.06773 .64306 6.22053 .3269 15.0903 -.3863 -.33782
9.47125 1.03136 1.51989 7.09258 3.76134 -1.51146 -0.06935
7.78745 .98528 15.9004 6.16109 2.86823 -2.25916 -8.18845
12.6551 1.44539 15.2674 1.26721 1.56624 -.57036 -11.5318
10.6622 9.23496 2.28635 .74699 1.43894 -0.06726 -1.00055
1.12234 .66565 6.39352 .35197 17.4355 -.85815 -.4404
5.462 1.98494 2.10798 1.22096 17.8577 -4.9117 -1.80294
2.81422 .10222 26.0243 1.78665 1.4984 -0.06072 -2.63304
6.74545 .10729 22.5018 2.08168 1.65048 -.19879 -6.39674
4.79508 1.5182 1.47956 0.09335 24.7138 -4.31673 -.43643
2.11492 .8915 1.48812 1.12249 4.13778 -.16972 -0.03446
4.70012 2.55949 1.6595 .23656 24.4865 -4.45293 -.12899
11.481 3.41804 12.9581 .85151 1.54181 -0.02606 -7.9841
1.36518 .7384 10.7496 .42529 18.0687 -.84316 -.40431
2.81055 1.73429 1.43999 .5422 14.4241 -1.28737 -0.07973
3.25786 .69603 2.9575 1.47888 8.74944 -1.12546 -1.05181
2.7372 1.93192 7.98212 .34498 8.47144 -.89998 -.69758
13.8551 1.30975 11.7573 4.56731 2.07235 -1.18038 -14.2789
7.0316 .59528 20.4519 2.8309 2.43534 -.83742 -6.15953
2.41734 1.13647 6.02094 .82986 7.26403 -1.09891 -.36073
9.35678 1.27247 17.1368 1.38762 1.49653 -0.03516 -8.05822
14.9873 .99302 12.9116 4.84273 2.02973 -.46401 -14.4691
7.37945 4.98658 1.59894 .15704 21.9463 -7.0943 -.25783
5.70405 .1834 23.2028 4.333 1.44557 -.13138 -5.44738
2.28084 1.08144 11.066 .43061 2.4061 -0.03619 -.92138
9.07504 .60944 1.36197 3.29819 13.1403 -5.78643 -0.0326
.54693 .14374 21.5995 .21963 4.97563 -.10369 -.3482
6.1765 1.97517 1.75613 3.93061 3.74708 -.57387 -.15617
1.3413 .8118 9.54489 .36407 9.55806 -.30242 -.36731
1.73549 .42308 13.3899 .42137 5.02029 -.5289 -.50676
3.16994 .29847 24.808 .8032 1.45375 -0.06924 -2.78544
1.19566 .6523 2.15608 .16649 22.3863 -1.02722 -0.08536
5.81744 1.48757 18.2595 2.7326 6.03784 -1.96118 -4.11188
2.96679 .46379 13.8272 .88668 13.5407 -1.74111 -1.04556
3.61669 .99041 1.42348 2.1459 6.87401 -.71277 -0.02906
14.4676 2.74664 12.3482 1.04491 1.79475 -0.06542 -11.865
7.13984 .70967 1.433 3.35532 11.7581 -3.66187 -0.07056
2.95935 .87983 13.7247 .47683 13.654 -1.02264 -1.75841
10.2199 .30293 18.7237 8.54215 1.60736 -.70829 -10.4413
4.31037 1.78098 5.3871 .20807 19.5852 -3.5499 -.6298
1.67564 .72133 8.71508 .66958 10.6981 -.55412 -.29427
8.40402 .48013 4.17167 .77871 17.756 -8.41511 -0.07114
2.19789 .10901 5.80501 .83661 15.4912 -1.61965 -0.03093
2.27669 .53964 18.4005 .61133 1.82117 -0.04177 -1.69159
1.7954 1.08996 3.73736 .48981 7.04677 -.46937 -.37211
2.96268 .38375 5.15189 1.2598 10.1363 -.88928 -.57162
14.154 1.71506 1.81406 11.7807 1.85301 -1.16406 -0.06569
1.87114 .42683 14.4018 1.03834 8.77092 -.70273 -.6371
11.9362 2.55092 1.48221 6.85389 5.21974 -3.59344 -0.08101
3.98322 .19852 25.1809 1.58523 1.51674 -0.03967 -3.76206
7.61222 4.47263 1.34311 .29987 21.6861 -7.38968 -.23606
3.03474 .53849 10.4492 1.78467 2.61862 -.48147 -1.19209
1.06322 .59633 5.23293 .37996 12.1185 -.88612 -.59547
12.5711 .52593 16.5306 7.13817 1.61691 -.58132 -12.2763
.57086 .25806 14.9044 .25597 8.15951 -0.08507 -.23059
13.1848 4.16766 11.3624 .60453 1.63778 -0.03081 -9.22874
1.12594 .59826 2.6337 .26955 16.1011 -.86467 -.20394
.8084 .19438 15.0411 .34251 3.83865 -0.05805 -.56185
5.73547 .31408 22.113 3.61184 3.06104 -.35291 -5.56799
1.23096 .45594 15.7792 .4272 13.3097 -.53152 -.58976
10.8603 .37188 18.6013 8.93698 1.51543 -.49352 -10.583
1.8158 .48295 2.8852 .7271 16.6627 -1.02684 -.13475
1.64744 .53499 11.2231 .81321 5.98139 -.83769 -.47815
3.81456 1.67832 5.40213 1.80561 1.23275 -0.08522 -.92509
20.6081 12.0141 2.21114 2.92306 6.29361 -19.5638 -4.6013
14.4949 .46049 14.4089 7.99991 1.36148 -.87582 -14.4884
7.16003 1.28423 13.0531 3.52617 1.59834 -.15725 -3.98004
1.03859 .44897 6.90218 .12123 18.6847 -.87472 -.11497
1.05607 .46802 16.5178 .45105 10.3094 -.38074 -.56743
1.19576 .41366 16.9901 .61501 7.94588 -.2129 -.72514
6.5132 3.07853 1.5134 2.28029 8.5978 -2.33972 -.17544
1.39542 .29332 11.7192 .6778 4.32661 -.33105 -.42739
2.14852 .35425 19.0062 .36846 4.35802 -.14884 -1.51909
1.33449 .75365 9.40125 .52125 16.1609 -.98058 -.59216
4.97207 1.63664 11.0288 .87946 9.97633 -2.04209 -1.65868
11.4764 .40752 16.5333 .61367 2.91601 -0.06942 -12.0307
5.406 .77727 21.0639 .61387 1.23334 -0.07775 -4.70115
9.16967 .37097 19.5667 7.83236 1.58453 -.56343 -9.02564
12.8781 2.40812 1.57204 .49924 16.0186 -12.4548 -.16478
4.43662 1.51764 15.4825 1.5124 1.63836 -0.0458 -2.3418
10.2268 1.17796 1.54249 .27661 18.9095 -9.72546 -.96252
1.82501 .38225 3.72999 .65263 12.3687 -1.15025 -.14913
2.44151 .78807 13.1696 .50339 15.2058 -1.72028 -.79445
4.21691 1.1474 16.0421 .18024 7.21592 -0.06227 -4.00294
1.27798 .62094 8.96112 .17946 12.9508 -.84992 -.29696
13.2323 6.24264 7.34134 3.19911 1.62063 -.12701 -5.64531
2.86762 1.94316 1.95016 .16919 25.1067 -2.65195 -.10094
.90596 .32674 15.1972 .462 7.70296 -.16251 -.35905
.64273 .26447 13.2667 .3037 14.8116 -.35666 -.37263
11.0982 3.46226 1.38575 .46695 17.8261 -10.7049 -0.09749
.72727 .25711 14.0266 .33016 5.33259 -0.08685 -.4319
1.82851 .44191 10.3895 .34622 17.8331 -1.39715 -.38426
2.44691 .81119 16.3002 .15449 4.04502 -.28853 -1.3763
11.9053 .93701 2.38727 .47652 16.1584 -12.4937 -.32782
1.35763 .60985 12.7802 .62673 15.6148 -.72208 -.50229
11.2237 .34463 18.1633 8.49155 1.72736 -.58717 -10.7603
14.8799 .90979 13.3229 13.1533 1.52569 -1.66437 -14.6954
10.2094 .42816 18.7348 7.83781 1.36915 -.4065 -9.88599
1.48962 .35717 8.26748 .76794 13.8071 -.71744 -.21026
2.5334 1.08355 10.6843 .43686 7.04969 -.23888 -1.17576
8.21885 .48545 21.0896 1.24909 1.30603 -.11317 -7.61335
1.84407 1.06525 11.4276 .68986 16.6431 -.9911 -.71838
1.98575 .47941 9.5128 1.02128 4.04132 -.17553 -.58426
16.9452 11.696 1.48649 .62318 11.6913 -17.1133 -1.13405
2.83744 1.35897 1.50112 1.16793 5.02442 -.44774 -0.04851
17.1965 11.8589 1.3727 1.01041 10.4391 -15.1745 -.65747
.8382 .3084 18.5653 .3256 7.29186 -.11567 -.5277
3.22778 .29098 15.4025 .82656 11.4308 -.95694 -2.45652
2.40416 .2975 22.8762 .73322 2.94303 -0.09111 -1.97047
1.2234 .30995 17.4228 .41113 6.81581 -.16401 -1.04597
2.77249 .36177 20.2915 .33643 6.98939 -1.50008 -1.79978
7.36548 2.54548 1.86994 4.56896 1.35665 -.17177 -.35176
5.24156 2.3015 1.8921 .47724 20.7823 -4.16508 -.25981
10.2369 1.1462 2.97515 7.87314 3.42946 -2.27988 -.23533
4.29076 .25115 23.2207 .67056 1.86495 -.11751 -3.84253
17.7322 8.69925 2.0598 .23556 10.3724 -16.8695 -1.11832
11.0911 9.48573 1.44707 .43424 17.9318 -11 -.99226
4.5207 1.77106 10.0469 .37691 14.063 -2.77155 -1.38145
4.73236 .61354 1.30226 .62373 21.5847 -4.03972 -0.02449
1.84391 .87428 1.72062 .9129 3.36632 -.11003 -0.02947
10.4759 8.6935 1.4599 .18813 18.5886 -10.3164 -.40196
3.29601 1.52238 8.57168 .26366 14.1448 -1.54835 -.95217
1.94506 1.06927 1.86569 .63844 8.47639 -.35485 -0.08769
5.59667 .16581 24.1862 4.07424 1.56757 -.14775 -5.4543
.70671 .4013 10.5578 .14837 4.63025 -0.04004 -.21768
1.85316 .1972 24.732 .29811 2.60238 -.76043 -1.60776
13.1681 .57788 1.64385 1.08575 15.3003 -12.3827 -0.02336
1.91213 .61024 4.95982 .33943 14.2814 -1.47093 -.10819
15.5775 1.04193 11.8261 5.96562 3.31524 -2.61799 -14.4968
12.9939 10.4785 1.68566 .25245 15.8802 -13.8551 -1.39103
1.89607 .45286 18.5633 .1476 3.96125 -0.04857 -1.60191
2.71717 .57456 5.27577 1.71904 2.71042 -.19956 -.90853
1.77129 .57857 11.9036 .4416 12.5739 -1.22493 -.68666
12.3702 .51873 16.1801 10.4516 1.76897 -1.06195 -12.491
1.27966 .59744 15.4796 .51366 11.5562 -.60392 -.66247
1.58407 .49389 4.04013 .88672 9.73811 -.4205 -0.07356
1.50809 .31529 22.5449 .93533 4.59696 -.40955 -1.27918
4.89871 .50996 22.5845 2.32394 2.56872 -1.13309 -4.47595
1.93559 .73464 1.57571 .42495 19.6653 -1.41963 -0.05144
2.4491 .59363 20.7687 1.47058 5.80779 -21.9 -6.76921
7.92012 1.67081 1.24843 5.78187 2.79868 -.61334 -0.04584
2.9957 1.15164 12.2799 1.50319 13.7229 -1.60869 -.89392
1.54745 .6977 2.44272 .59627 5.89148 -.52281 -.42423
1.75167 .4507 6.55659 1.17371 1.94294 -.45044 -.13452
2.62167 .75192 16.2766 .31106 6.9252 -.39611 -1.58831
1.9401 .44155 9.89538 1.435 3.26168 -.15424 -.36923
12.2016 10.8582 1.95123 .58698 1.72419 -.2463 -.94721
13.7126 3.51371 1.60507 1.07355 14.0524 -12.9737 -.39051
2.18407 .9141 3.49314 .12202 25.4139 -2.06882 -.1966
6.54992 .1445 22.4224 4.73292 1.59398 -.20411 -6.50579
7.44887 1.26393 17.803 1.48087 1.48646 -0.0415 -6.02665
4.07853 .28979 12.226 2.76858 2.94799 -.58121 -1.51042
4.35554 2.71815 1.53039 1.31067 3.86749 -.3345 -.15009
6.09801 .48565 15.3874 3.94602 4.35644 -.92799 -5.20986
7.42193 1.36259 18.037 4.66698 4.6424 -1.17951 -6.11452
