 0.28265124 0.67952720 0.53330207
 0.08406757 0.70468685 0.47151294
 0.48689601 0.67775957 0.68449331
 0.00712373 0.88230259 0.22970197
 0.43748848 0.55761315 0.40828257
 0.43117705 0.91251918 0.59452165
 0.35445729 0.77604886 0.46617758
 0.81262577 0.68015635 0.76730622
 0.48243014 0.98882484 0.59107779
 0.64704317 0.56255896 0.55196522
 0.24876066 0.52487695 0.91041576
 0.73860202 0.23787027 0.77980345
 0.53798822 0.20969829 0.41629580
 0.61049019 0.91627891 0.00326177
 0.77306045 0.60900680 0.69649671
 0.69791909 0.91904413 0.23299297
 0.12656071 0.66242749 0.83551857
 0.05126395 0.78791660 0.26612407
 0.50549502 0.63785346 0.27766559
 0.92531245 0.05288438 0.98949421
 0.46100582 0.86058705 0.01446988
 0.34153586 0.91898625 0.44009475
 0.36969220 0.25730049 0.21657309
 0.98373416 0.95324716 0.86587552
 0.61602867 0.90329232 0.87549586
 0.12334428 0.86060290 0.05351891
 0.57568734 0.97245386 0.65353712
 0.16913796 0.13299372 0.27572068
 0.45738053 0.26279712 0.46035791
 0.39697338 0.23861913 0.85895430
 0.00615368 0.30633337 0.78261705
 0.93870197 0.58865841 0.08363271
 0.20387053 0.47052882 0.98833817
 0.69526963 0.27657428 0.40201900
 0.92294541 0.91950153 0.21050043
 0.98748883 0.03042914 0.29517535
 0.49718986 0.32656105 0.48465752
 0.96889564 0.45145621 0.98867650
 0.86895308 0.31562998 0.07320219
 0.59854335 0.93244034 0.20775194
 0.85454855 0.25752383 0.85420601
 0.80752159 0.15727545 0.67595844
 0.64027156 0.75800341 0.78557640
 0.89142767 0.27837848 0.64742183
 0.37912461 0.44795123 0.27558586
 0.62195413 0.25145198 0.91112473
 0.20368059 0.02196095 0.29864042
 0.59419395 0.87739997 0.91665426
 0.60332581 0.37006653 0.79046693
 0.41220280 0.35901439 0.44426119
 0.43443764 0.60827507 0.73971168
 0.96379446 0.12536166 0.07801980
 0.33986385 0.33700489 0.96325465
 0.74648392 0.80961167 0.13931475
 0.54938346 0.04246800 0.31035689
 0.47992930 0.08636383 0.19881926
 0.41564114 0.70447346 0.48607053
 0.57616202 0.08233737 0.30856605
 0.11036002 0.88506564 0.31715372
 0.93733151 0.76960560 0.18165006
 0.16344994 0.34584910 0.60404510
 0.51162870 0.63336632 0.19553965
 0.47294096 0.07778895 0.21026506
 0.56148975 0.47655298 0.80591017
 0.54648417 0.02571348 0.23592341
 0.18411910 0.98140392 0.23135165
 0.55547461 0.25068287 0.50482572
 0.77280846 0.09341927 0.60523949
 0.79066353 0.29682578 0.66498296
 0.31846574 0.92594775 0.68949486
 0.80343941 0.61518272 0.46014166
 0.22420550 0.20395804 0.20589877
 0.39977030 0.54553282 0.67526422
 0.14178998 0.77336188 0.36406146
 0.22411187 0.06811809 0.39170169
 0.73714731 0.89756864 0.75108605
 0.42839852 0.81061670 0.00811354
 0.75313090 0.44576354 0.89640316
 0.36654712 0.13165430 0.49100171
 0.76112159 0.14771413 0.03619048
 0.88771572 0.00058002 0.01403865
 0.07901170 0.34772235 0.37522882
 0.12187177 0.35417123 0.02818141
 0.98154741 0.63565175 0.97998381
 0.15903713 0.13436847 0.37487664
 0.03994363 0.86577206 0.83513967
 0.21888947 0.79707979 0.81247351
 0.70112291 0.89447591 0.05674927
 0.29021240 0.23053100 0.77127440
 0.55286739 0.37573473 0.27860190
 0.28999882 0.23257580 0.78546544
 0.61961044 0.64847365 0.31434794
 0.04982483 0.46981752 0.37048161
 0.99453200 0.63285748 0.84635686
 0.38242386 0.67733139 0.62217362
 0.63705920 0.22279258 0.60322273
 0.61420309 0.25621400 0.00945621
 0.75081127 0.41976169 0.76126871
 0.78975705 0.88712393 0.21493013
 0.30546542 0.89842142 0.64133969
 0.76224540 0.80141516 0.94828235
 0.47695765 0.32720473 0.67060954
 0.07881471 0.43740239 0.91508192
 0.55387002 0.08748287 0.54006703
 0.45305631 0.85773461 0.06890087
 0.69379366 0.54265417 0.01178210
 0.18680503 0.01479131 0.40750258
 0.31189374 0.20383918 0.41599142
 0.66139588 0.22445253 0.39415226
 0.34484081 0.52167452 0.02647986
 0.46380849 0.54453216 0.09291653
 0.65670981 0.10401003 0.71367195
 0.34594139 0.65260077 0.80213216
 0.93938597 0.41712642 0.04828477
 0.53557086 0.77886225 0.85303573
 0.10845410 0.97340308 0.86433155
 0.42536159 0.77318560 0.81085928
 0.90648532 0.14117836 0.68870232
 0.86160868 0.97133117 0.07350889
 0.69907281 0.53285686 0.90548585
 0.63720340 0.67384776 0.30825592
 0.78490571 0.93513094 0.54663427
 0.86362718 0.26205465 0.79968324
 0.43960757 0.44049629 0.68650963
 0.15459114 0.74896020 0.10244090
 0.87400360 0.32205353 0.06628876
 0.49925081 0.39890600 0.90017869
 0.81091814 0.76390066 0.28514069
 0.83573823 0.44816319 0.16733503
 0.97054147 0.31723353 0.16852799
 0.15606615 0.41964499 0.11327458
 0.90284255 0.39758403 0.25992129
 0.98127143 0.54833700 0.45857911
 0.81644168 0.77143809 0.28065337
 0.74097743 0.91998430 0.85110891
 0.82679474 0.30078829 0.36357702
 0.47436754 0.57401204 0.17476438
 0.88247794 0.72198828 0.38962816
 0.83987447 0.53259337 0.63669001
 0.02679978 0.43058854 0.34233325
 0.17870262 0.99121651 0.33897546
 0.11290417 0.62664587 0.74373766
 0.82261313 0.24203983 0.04872082
 0.11396642 0.24531113 0.44616899
 0.46921375 0.79976160 0.57564589
 0.25602092 0.35531253 0.82768685
 0.76830835 0.16066845 0.04923556
 0.84939736 0.65326409 0.27500833
 0.77067317 0.14896409 0.95772602
 0.40567928 0.81454151 0.23613552
 0.08593952 0.39041745 0.56904897
 0.90053681 0.28178010 0.58584933
 0.97907508 0.60180655 0.79916353
 0.37872229 0.07986192 0.07067098
 0.70526855 0.59557250 0.22601803
 0.99595571 0.94157198 0.68583043
 0.64083481 0.67253494 0.26769638
 0.55336381 0.91091541 0.48521816
 0.71307026 0.91145808 0.05111618
 0.10357438 0.16140064 0.03623438
 0.76480054 0.26269386 0.69295829
 0.79350500 0.52440539 0.00488731
 0.30967537 0.81406639 0.09732003
 0.25732263 0.66805555 0.69242958
 0.14207755 0.62059911 0.44489669
 0.08398816 0.49985876 0.24325914
 0.96082601 0.57562377 0.80630857
 0.65723747 0.68664772 0.20474906
 0.04866491 0.44924789 0.25750319
 0.50178814 0.69320013 0.64310746
 0.61984362 0.93109458 0.00797492
 0.66799823 0.93621516 0.60530685
 0.20590469 0.78766647 0.87285659
 0.14814131 0.03313852 0.86555936
 0.89510949 0.58062265 0.42775051
 0.34089925 0.19564085 0.10575190
 0.87374374 0.29069532 0.88047829
 0.66661187 0.07536662 0.45269287
 0.03785766 0.15291013 0.57674185
 0.08425998 0.31488321 0.13095946
 0.95180781 0.53221177 0.62700029
 0.97209584 0.18957245 0.38857208
 0.62528044 0.25453394 0.89967969
 0.10727272 0.54651908 0.31366001
 0.96328837 0.95679017 0.07114567
 0.81576244 0.25426363 0.18371983
 0.81394636 0.23019966 0.05568077
 0.26228769 0.07259914 0.07500567
 0.79664177 0.10479957 0.45902151
 0.81093295 0.73440407 0.10802787
 0.03853063 0.25893295 0.20682205
 0.91053574 0.60181596 0.41607409
 0.08010095 0.73593883 0.69472444
 0.54489719 0.01686320 0.19710449
 0.03085813 0.41120843 0.18952740
 0.43628850 0.91198440 0.54530988
 0.06399970 0.47620930 0.28125851
 0.40166738 0.87867769 0.65705968
 0.03425887 0.29201611 0.44376683
 0.03445602 0.21283460 0.96690346
 0.88590936 0.61332499 0.70676575
 0.72066957 0.96312566 0.29272781
 0.08823593 0.89486527 0.57506823
 0.39662192 0.20411747 0.65510755
 0.09358802 0.66556022 0.15106908
 0.91637252 0.13861341 0.58432778
 0.25844599 0.29172591 0.42434154
 0.92051609 0.70402264 0.93949100
 0.30074229 0.34903474 0.38752779
 0.18385412 0.61537463 0.03756064
 0.68699223 0.78390760 0.52051554
 0.06792479 0.72290890 0.72613025
 0.85060145 0.56843643 0.75520553
 0.41530531 0.69498210 0.43214480
 0.33802986 0.13887595 0.79098699
 0.49603835 0.85734722 0.67973821
 0.36230422 0.05618145 0.07635076
 0.95247147 0.02767198 0.59378864
 0.31368404 0.53800645 0.40488239
 0.58723629 0.87947622 0.99173065
 0.03509796 0.28501189 0.39418972
 0.80003132 0.25248043 0.31460070
 0.61528037 0.86027593 0.62413223
 0.00231002 0.39667006 0.35923016
 0.58535039 0.27903090 0.40603190
 0.92491334 0.89519289 0.04693732
 0.22488788 0.92689143 0.53735764
 0.88212296 0.45651902 0.80000750
 0.69137381 0.94817539 0.46668803
 0.26654967 0.39910581 0.99568779
 0.38217446 0.33185663 0.55156964
 0.32270819 0.97212238 0.92836053
 0.82106183 0.57112616 0.03720049
 0.08306754 0.16360082 0.23399703
 0.93157484 0.48347574 0.51668089
 0.74880365 0.84269392 0.31693064
 0.31733856 0.05165556 0.45388636
 0.25841813 0.46553148 0.46742573
 0.61477108 0.48179493 0.35782985
 0.81082477 0.64447992 0.56945660
 0.61642035 0.57341267 0.89269283
 0.19544299 0.13842249 0.07154799
 0.18348551 0.45698119 0.09051756
 0.43027460 0.76698957 0.72946603
 0.47389002 0.27814590 0.40386518
 0.91987800 0.88448142 0.02798651
 0.20758623 0.99363880 0.09355679
 0.61859152 0.86953798 0.64990423
 0.07358355 0.59236320 0.89192725
 0.02029470 0.09442292 0.38388522
 0.45350503 0.26606318 0.51483383
 0.69443435 0.53310164 0.94870069
 0.89428932 0.82742971 0.91597444
 0.04897924 0.05010543 0.85981947
 0.70796792 0.50943232 0.68488266
 0.52440505 0.98248639 0.17527288
 0.20925980 0.67810289 0.18527913
 0.00874876 0.38498041 0.23114362
 0.92203805 0.45193569 0.41327167
 0.41220882 0.75380785 0.81296775
 0.09353583 0.24450518 0.62520867
 0.55070534 0.67735406 0.10777629
 0.55047121 0.33284064 0.04280293
 0.26125181 0.18228448 0.74244059
 0.81408326 0.20253419 0.88845585
 0.50792736 0.05146153 0.73742293
 0.96138378 0.13149631 0.13652384
 0.63567624 0.58534294 0.79097145
 0.47774223 0.74771032 0.18658188
 0.39009844 0.66135366 0.45723602
 0.79123319 0.63227502 0.67255138
 0.34483309 0.01603614 0.99271902
 0.81198885 0.93746192 0.31687185
 0.46407380 0.93259615 0.41891271
 0.12011093 0.95045121 0.62170885
 0.17619222 0.46177368 0.18491209
 0.95350947 0.05684798 0.75950267
 0.04538423 0.43678134 0.21223001
 0.34234798 0.14401781 0.78297505
 0.40169004 0.36336479 0.56497840
 0.11958731 0.63271823 0.72002358
 0.62567744 0.27385239 0.01201739
 0.60743277 0.53644016 0.75174602
 0.68251468 0.32937386 0.83361109
 0.03730178 0.72131086 0.99214912
 0.46109701 0.83724002 0.87356698
 0.70624171 0.37534744 0.89590927
 0.99732863 0.92078837 0.54877257
 0.00554013 0.09428761 0.51586455
 0.24659877 0.83681169 0.80148122
 0.27758208 0.45216153 0.21473045
 0.21892890 0.38099934 0.31563595
 0.46482168 0.94820650 0.50584387
 0.50120470 0.45463338 0.21695800
 0.21004757 0.30766346 0.95555264
 0.96434468 0.18609435 0.43746395
 0.94993458 0.76243191 0.02518026
 0.28919435 0.50854375 0.44851332
 0.11418619 0.64849728 0.86330801
 0.34337250 0.29046297 0.65242528
 0.30038497 0.93048230 0.87942908
 0.90223376 0.49854089 0.87114146
 0.73998077 0.59961150 0.93784206
 0.23054887 0.94271474 0.58134857
 0.00365873 0.78981532 0.70596328
 0.12744184 0.41098154 0.31891263
 0.21464193 0.41763796 0.57405034
 0.68556046 0.94690965 0.51141376
 0.54629572 0.67505048 0.13364144
 0.72639429 0.15559279 0.39600811
 0.97571355 0.29020827 0.95982769
 0.14709172 0.24410108 0.14078103
 0.64777643 0.61962935 0.88778819
 0.75006500 0.51029633 0.31119295
 0.27449070 0.84620771 0.60682990
 0.02511007 0.68919131 0.90915718
 0.25222129 0.33091313 0.71548719
 0.31470497 0.44884513 0.86072605
 0.12475018 0.00196660 0.88904800
 0.31658857 0.89809944 0.53929955
 0.15290230 0.06371788 0.00618660
 0.46365868 0.72627267 0.18470791
 0.57179341 0.76838927 0.46419490
 0.86966600 0.04024191 0.41445742
 0.12456732 0.01728715 0.98261707
 0.74011805 0.59715470 0.92186571
 0.15680197 0.64402040 0.45290470
 0.92124462 0.45132542 0.41675092
 0.43857674 0.88070213 0.33702217
 0.09581382 0.54168339 0.38777600
 0.45150550 0.21904897 0.25074434
 0.53302524 0.94145244 0.85148745
 0.63585272 0.15172932 0.18770138
 0.76064442 0.87455411 0.40152487
 0.53816224 0.61524967 0.84803782
 0.55097993 0.67353915 0.08241555
 0.43264093 0.85410566 0.23086556
 0.69824245 0.11166459 0.38580555
 0.30985195 0.38686175 0.53250299
 0.71326213 0.48704593 0.50291634
 0.63408472 0.27826123 0.96280493
 0.27247852 0.96962672 0.36545364
 0.46608138 0.50740551 0.84970066
 0.53155437 0.54202030 0.46813242
 0.93061186 0.37047937 0.84736950
 0.74990270 0.87309067 0.48941972
 0.07870226 0.06743613 0.69629642
 0.57085336 0.15845242 0.81303426
 0.45213378 0.39549434 0.30376208
 0.26312341 0.84488169 0.70117950
 0.60314177 0.30823511 0.42113479
 0.75269269 0.72594305 0.58142411
 0.95505726 0.49752651 0.38964373
 0.86012380 0.65394929 0.18258152
 0.20994547 0.61643921 0.80912597
 0.30680295 0.55868400 0.59087745
 0.51710866 0.78475495 0.05455171
 0.26451573 0.09612896 0.19613225
 0.31163284 0.10460677 0.82294506
 0.99620944 0.57075113 0.45862181
 0.61497066 0.56222766 0.83863000
 0.97173107 0.28271641 0.95071881
 0.15986516 0.40272170 0.97754376
 0.24076728 0.64670980 0.71335327
 0.45973143 0.33820918 0.89167223
 0.30615072 0.81185425 0.11576905
 0.38792605 0.28563485 0.22247462
 0.76413407 0.58253281 0.61799028
 0.46514639 0.22896577 0.18747714
 0.06417092 0.69773126 0.60884929
 0.37351442 0.76144291 0.20702771
 0.38918006 0.47183095 0.32836515
 0.72371240 0.38698803 0.80851658
 0.36820721 0.93259405 0.28169940
 0.29684990 0.24580484 0.80317989
 0.60683581 0.41239587 0.01285289
 0.36555452 0.07765111 0.17591597
 0.35663584 0.55657135 0.12970550
 0.76909088 0.44719574 0.76135650
 0.54337735 0.40805563 0.55793764
 0.67512518 0.02931231 0.09974724
 0.33467264 0.11031065 0.64981013
 0.90606491 0.58809829 0.37400557
 0.95114879 0.34084262 0.48471659
 0.84071594 0.68184630 0.52463436
 0.01118945 0.34542748 0.97185984
 0.72231171 0.58713166 0.02198459
 0.84772255 0.88847406 0.70134137
 0.21178167 0.95861770 0.84567123
 0.44646802 0.06776711 0.38839043
 0.72043863 0.82711788 0.47875965
 0.42849696 0.26214493 0.71639694
 0.93907730 0.18689131 0.66965221
 0.33589143 0.98847874 0.90784954
 0.55078860 0.13408577 0.84741723
 0.87773142 0.63963347 0.93821805
 0.87260702 0.79167971 0.89661506
 0.25457297 0.45790226 0.45625683
 0.61642064 0.59221235 0.00548838
 0.70301910 0.16871916 0.68514308
 0.59238603 0.38802845 0.99669644
 0.48792257 0.95726746 0.35230166
 0.49840278 0.81970174 0.43258546
 0.21819704 0.41591315 0.53170550
 0.44701470 0.89673869 0.35729982
 0.07315069 0.22320574 0.68087820
 0.07641756 0.33060156 0.29585132
 0.79969385 0.13550124 0.61576275
 0.47506536 0.30852737 0.57557602
 0.67670975 0.88007431 0.19005813
 0.21968000 0.60755685 0.66822108
 0.54131485 0.23389938 0.53156265
 0.08428145 0.72162485 0.57121611
 0.93267299 0.45509294 0.33650076
 0.92316805 0.51050145 0.75449629
 0.93246471 0.80432161 0.43374729
 0.36358928 0.27781008 0.39455694
 0.86705094 0.65129319 0.10430071
 0.76416555 0.64628695 0.00023169
 0.18480762 0.10676051 0.97729448
 0.90292226 0.62188323 0.60499905
 0.03304526 0.75328007 0.22227306
 0.55411777 0.32424905 0.95843440
 0.83236498 0.36828024 0.71839662
 0.99585757 0.50957590 0.09473721
 0.98224021 0.04080631 0.40467601
 0.06079926 0.72271150 0.78907567
 0.23005048 0.27862191 0.60127710
 0.10006544 0.18889871 0.23280332
 0.69673149 0.08515907 0.24037101
 0.67579443 0.89142749 0.26641505
 0.57564284 0.05612164 0.15594426
 0.43057080 0.17992652 0.20442190
 0.60719272 0.80335915 0.35542047
 0.90229047 0.21495856 0.16913716
 0.08019590 0.95894096 0.03188271
 0.56082757 0.07802104 0.42067810
 0.82187927 0.14517271 0.47412286
 0.53818279 0.96199100 0.92830089
 0.91188631 0.11660985 0.49268232
 0.90660531 0.00549098 0.87349809
 0.19156972 0.28793548 0.00348540
 0.42949306 0.54558977 0.40810110
 0.53829868 0.55688211 0.49660458
 0.96768850 0.33668977 0.31094212
 0.83544476 0.21418951 0.76613420
 0.66909961 0.11938990 0.69444288
 0.09214823 0.30290343 0.98808652
 0.20238822 0.32155065 0.10780990
 0.75290357 0.54713234 0.50666192
 0.11578045 0.13472537 0.76632822
 0.38544097 0.41569180 0.02518210
 0.40986638 0.23255934 0.70655863
 0.14631775 0.51887878 0.79641295
 0.10856869 0.48369559 0.92505527
 0.19707132 0.85693050 0.36794115
 0.49527244 0.66016423 0.50353346
 0.07972271 0.94653507 0.96170603
 0.25142058 0.85316920 0.85623001
 0.45885728 0.04707354 0.15272575
 0.49269262 0.58162400 0.05551044
 0.09844659 0.09108562 0.66049441
 0.14319588 0.91472558 0.19959055
 0.96501310 0.99376367 0.27746412
 0.72091164 0.82829280 0.48155197
 0.43467667 0.27409226 0.73246354
 0.92795092 0.97553368 0.50164376
 0.23005944 0.86556284 0.12284208
 0.94698693 0.57634287 0.93517484
 0.42396325 0.12720590 0.94756619
 0.54054403 0.71516847 0.42611453
 0.12017098 0.88599512 0.23443191
 0.43263532 0.48592474 0.02183063
 0.75766108 0.34949081 0.27799513
 0.52255349 0.63336482 0.09720751
 0.88296164 0.42290225 0.59075876
 0.73843229 0.11376488 0.03669870
 0.19630827 0.84756128 0.31859326
 0.28350804 0.83370895 0.45068128
 0.20070718 0.14811154 0.08230459
 0.16082370 0.22420082 0.89779168
 0.36894267 0.13353089 0.48070130
 0.68242982 0.76826726 0.46773512
 0.89200541 0.14241637 0.82644955
 0.67694996 0.62365385 0.64937340
 0.28335580 0.85577419 0.58444292
 0.80468985 0.56815281 0.16670817
 0.88687378 0.82086915 0.94335086
 0.27228282 0.14353912 0.41068940
 0.17228425 0.33750095 0.47444742
 0.80917599 0.58502918 0.22759121
 0.10028462 0.55338680 0.41775929
 0.52607450 0.39661339 0.64500985
 0.30053858 0.99814285 0.28400984
 0.72077341 0.76855192 0.12435083
 0.82913770 0.85566871 0.67177298
 0.32961949 0.93176008 0.62398508
 0.35806974 0.53255272 0.97268868
 0.04315758 0.50474740 0.64006618
 0.29767048 0.02542720 0.47352893
