1 8.95361 8.95361
2 9.49409 8.95361
3 10.19430 9.49409
4 10.95660 10.19430
5 11.07770 10.95660
6 10.98170 11.07770
7 10.48970 10.98170
8 10.27540 10.48970
9 10.16620 10.27540
10 9.23484 10.16620
11 8.56537 9.23484
12 8.51064 8.56537
13 10.12110 8.51064
14 11.18490 10.12110
15 10.93520 11.18490
16 11.18030 10.93520
17 10.95720 11.18030
18 10.56830 10.95720
19 10.14040 10.56830
20 9.99542 10.14040
21 9.14185 9.99542
22 8.61151 9.14185
23 8.38892 8.61151
24 8.38799 8.38892
25 9.97498 8.38799
26 10.26800 9.97498
27 11.05100 10.26800
28 10.51710 11.05100
29 10.96910 10.51710
30 10.43050 10.96910
31 10.41040 10.43050
32 10.07970 10.41040
33 9.58923 10.07970
34 9.40861 9.58923
35 8.58714 9.40861
36 8.53241 8.58714
37 8.40138 8.53241
38 8.29538 8.40138
39 9.69605 8.29538
40 11.40990 9.69605
41 11.21580 11.40990
42 10.41700 11.21580
43 10.04690 10.41700
44 10.37440 10.04690
45 10.13450 10.37440
46 9.14213 10.13450
47 8.69693 9.14213
48 9.04660 8.69693
49 9.87368 9.04660
50 11.41950 9.87368
51 10.78200 11.41950
52 11.20710 10.78200
53 10.27340 11.20710
54 10.29040 10.27340
55 9.49902 10.29040
56 9.64484 9.49902
57 9.20419 9.64484
58 8.79096 9.20419
59 9.01315 8.79096
60 9.22128 9.01315
61 9.58608 9.22128
62 9.80404 9.58608
63 10.51560 9.80404
64 10.02400 10.51560
65 9.96579 10.02400
66 10.75360 9.96579
67 10.24450 10.75360
68 10.09570 10.24450
69 9.38059 10.09570
70 8.83684 9.38059
71 8.87995 8.83684
72 9.70587 8.87995
73 10.47440 9.70587
74 11.50300 10.47440
75 11.58940 11.50300
76 10.62640 11.58940
77 10.65840 10.62640
78 10.54010 10.65840
79 10.28640 10.54010
80 10.00680 10.28640
81 9.29737 10.00680
82 8.78104 9.29737
83 8.83459 8.78104
84 8.91153 8.83459
85 10.18380 8.91153
86 10.64100 10.18380
87 10.03310 10.64100
88 9.88032 10.03310
89 11.27770 9.88032
90 10.42860 11.27770
91 9.78695 10.42860
92 9.45786 9.78695
93 8.81086 9.45786
94 8.65054 8.81086
95 8.80213 8.65054
96 9.16360 8.80213
97 9.39508 9.16360
98 10.46000 9.39508
99 11.10030 10.46000
100 11.16730 11.10030
101 10.49140 11.16730
102 10.09140 10.49140
103 10.02450 10.09140
104 9.52539 10.02450
105 9.02301 9.52539
106 8.73272 9.02301
107 8.82439 8.73272
108 9.07249 8.82439
109 10.43700 9.07249
110 10.38710 10.43700
111 10.85210 10.38710
112 10.91300 10.85210
113 9.93564 10.91300
114 10.26330 9.93564
115 10.02450 10.26330
116 9.45103 10.02450
117 8.81036 9.45103
118 8.61567 8.81036
119 8.89151 8.61567
120 9.70648 8.89151
121 9.59803 9.70648
122 9.70550 9.59803
123 9.63761 9.70550
124 10.68180 9.63761
125 10.65860 10.68180
126 10.70080 10.65860
127 10.41670 10.70080
128 10.19960 10.41670
